{ "motiondata" : [ { "frameCount" : 1,
        "id" : 4184,
        "position" : [ 160.3970378637314,
            -406.32617473602301,
            2298.599004745483
          ],
        "positionTracked" : true,
        "skeleton" : { "1" : { "id" : 1,
                "position" : [ 216.7270332574844,
                    189.446285367012,
                    2523.764133453369
                  ],
                "positionconfidence" : 1,
                "rotation" : [ 0.9952641725540161,
                    -0.09720761328935623,
                    0,
                    0.09698006510734558,
                    0.9929344058036804,
                    -0.06838223338127136,
                    0.006647273898124695,
                    0.06805838644504547,
                    0.9976592659950256
                  ],
                "rotationconfidence" : 1
              },
            "12" : { "id" : 12,
                "position" : [ 368.6229884624481,
                    -112.7447262406349,
                    2506.2494277954102
                  ],
                "positionconfidence" : 1,
                "rotation" : [ 0.1784083843231201,
                    -0.9781975150108337,
                    -0.1063017249107361,
                    -0.4143297970294952,
                    0.02330451086163521,
                    -0.9098283648490906,
                    0.8924691677093506,
                    0.2063649892807007,
                    -0.4011386632919312
                  ],
                "rotationconfidence" : 1
              },
            "13" : { "id" : 13,
                "position" : [ 412.3373925685883,
                    -352.4269759654999,
                    2480.202913284302
                  ],
                "positionconfidence" : 1,
                "rotation" : [ -0.3308463990688324,
                    -0.305059015750885,
                    -0.8930172324180603,
                    -0.3066584467887878,
                    0.9297056198120117,
                    -0.2039806544780731,
                    0.8924691677093506,
                    0.2063649892807007,
                    -0.4011386632919312
                  ],
                "rotationconfidence" : 1
              },
            "14" : { "id" : 14,
                "position" : [ 335.4457020759583,
                    -423.3254492282867,
                    2272.657632827759
                  ],
                "positionconfidence" : 1,
                "rotation" : [ -0.4073800146579742,
                    -0.1160784959793091,
                    -0.9058516621589661,
                    0,
                    -0.9918895363807678,
                    0.1271036416292191,
                    -0.9132587909698486,
                    0.05177948251366615,
                    0.4040759801864624
                  ],
                "rotationconfidence" : 1
              },
            "15" : { "id" : 15,
                "position" : [ 315.9702718257904,
                    -428.8747608661652,
                    2229.351997375488
                  ],
                "positionconfidence" : 1,
                "rotation" : [ -0.4073800146579742,
                    -0.1160784959793091,
                    -0.9058516621589661,
                    0,
                    -0.9918895363807678,
                    0.1271036416292191,
                    -0.9132587909698486,
                    0.05177948251366615,
                    0.4040759801864624
                  ],
                "rotationconfidence" : 1
              },
            "17" : { "id" : 17,
                "position" : [ 99.133200943470001,
                    -448.5501646995544,
                    2388.497352600098
                  ],
                "positionconfidence" : 1,
                "rotation" : [ 0.9582903981208801,
                    -0.2839836180210114,
                    -0.03213599324226379,
                    0.2732266187667847,
                    0.8773539662361145,
                    0.3944581747055054,
                    -0.0838250145316124,
                    -0.3867858946323395,
                    0.9183517694473267
                  ],
                "rotationconfidence" : 1
              },
            "18" : { "id" : 18,
                "position" : [ 4.991023801267147,
                    -750.8487105369568,
                    2252.583980560303
                  ],
                "positionconfidence" : 1,
                "rotation" : [ 0.7661359310150146,
                    -0.6426785588264465,
                    0,
                    0.6319084167480469,
                    0.7532968521118164,
                    0.1823062747716904,
                    -0.1171643361449242,
                    -0.1396713852882385,
                    0.9832417964935303
                  ],
                "rotationconfidence" : 1
              },
            "19" : { "id" : 19,
                "position" : [ -205.0850987434387,
                    -1001.280069351196,
                    2191.97678565979
                  ],
                "positionconfidence" : 0.5,
                "rotation" : [ 0.3307974934577942,
                    -0.9437018036842346,
                    0,
                    0.8795664310455322,
                    0.3083160221576691,
                    -0.3623592257499695,
                    0.3419590294361115,
                    0.1198675110936165,
                    0.9320385456085205
                  ],
                "rotationconfidence" : 0.5
              },
            "2" : { "id" : 2,
                "position" : [ 198.0502754449844,
                    -1.776476856321096,
                    2536.933422088623
                  ],
                "positionconfidence" : 1,
                "rotation" : [ 0.9952037930488586,
                    -0.09585839509963989,
                    0.019505575299263,
                    0.09698006510734558,
                    0.9929344058036804,
                    -0.06838223338127136,
                    -0.01281274575740099,
                    0.06994590908288956,
                    0.9974684715270996
                  ],
                "rotationconfidence" : 1
              },
            "20" : { "id" : 20,
                "position" : [ -236.7918938398361,
                    -1012.394309043884,
                    2105.557203292847
                  ],
                "positionconfidence" : 0.5,
                "rotation" : [ 0.3307974934577942,
                    -0.9437018036842346,
                    0,
                    0.8795664310455322,
                    0.3083160221576691,
                    -0.3623592257499695,
                    0.3419590294361115,
                    0.1198675110936165,
                    0.9320385456085205
                  ],
                "rotationconfidence" : 0.5
              },
            "21" : { "id" : 21,
                "position" : [ 252.6915073394775,
                    -459.1518640518189,
                    2398.048639297485
                  ],
                "positionconfidence" : 1,
                "rotation" : [ 0.9873288869857788,
                    0.0805371031165123,
                    0.1367309540510178,
                    -0.1331296712160111,
                    0.8893057107925415,
                    0.4375064074993134,
                    -0.08636011183261871,
                    -0.4501656591892242,
                    0.8887590765953064
                  ],
                "rotationconfidence" : 1
              },
            "22" : { "id" : 22,
                "position" : [ 297.7955639362335,
                    -760.4467868804932,
                    2249.822378158569
                  ],
                "positionconfidence" : 1,
                "rotation" : [ 0.8669971823692322,
                    0.4556629359722138,
                    0.2017107009887695,
                    -0.4961422979831696,
                    0.7515962719917297,
                    0.4346790313720703,
                    0.04646211117506027,
                    -0.4769427180290222,
                    0.8777055144309998
                  ],
                "rotationconfidence" : 1
              },
            "23" : { "id" : 23,
                "position" : [ 469.0722227096558,
                    -1019.910454750061,
                    2099.763870239258
                  ],
                "positionconfidence" : 0.5,
                "rotation" : [ 0.03672605752944946,
                    0.9993253946304321,
                    0,
                    -0.9723027944564819,
                    0.03573295474052429,
                    -0.2309773713350296,
                    -0.2308215349912643,
                    0.008482887409627438,
                    0.9729591608047485
                  ],
                "rotationconfidence" : 0.5
              },
            "24" : { "id" : 24,
                "position" : [ 490.5358850955963,
                    -1020.699262619019,
                    2009.290218353272
                  ],
                "positionconfidence" : 0.5,
                "rotation" : [ 0.03672605752944946,
                    0.9993253946304321,
                    0,
                    -0.9723027944564819,
                    0.03573295474052429,
                    -0.2309773713350296,
                    -0.2308215349912643,
                    0.008482887409627438,
                    0.9729591608047485
                  ],
                "rotationconfidence" : 0.5
              },
            "3" : { "id" : 3,
                "position" : [ 181.0635477304459,
                    -334.1743648052216,
                    2479.632377624512
                  ],
                "positionconfidence" : 1,
                "rotation" : [ 0.9984402656555176,
                    -0.05367374420166016,
                    0.01537155453115702,
                    0.05029704421758652,
                    0.9842172861099243,
                    0.1696661710739136,
                    -0.02423556707799435,
                    -0.1686283797025681,
                    0.9853817224502563
                  ],
                "rotationconfidence" : 1
              },
            "4" : { "id" : 4,
                "position" : [ 179.0452003479004,
                    -382.1776211261749,
                    2418.294429779053
                  ],
                "positionconfidence" : 1,
                "rotation" : [ 0.9953920245170593,
                    -0.08862621337175369,
                    0.03660539910197258,
                    0.02590451203286648,
                    0.6160985827445984,
                    0.7872428894042969,
                    -0.09232290089130402,
                    -0.7826671600341797,
                    0.6155555248260498
                  ],
                "rotationconfidence" : 1
              },
            "6" : { "id" : 6,
                "position" : [ 31.40173107385635,
                    -96.32093459367752,
                    2500.766038894653
                  ],
                "positionconfidence" : 1,
                "rotation" : [ 0.310309648513794,
                    0.9417607188224792,
                    0.1295939385890961,
                    0.4485338926315308,
                    -0.0248497873544693,
                    -0.8934202194213867,
                    -0.8381677269935608,
                    0.3353642225265503,
                    -0.4301227629184723
                  ],
                "rotationconfidence" : 1
              },
            "7" : { "id" : 7,
                "position" : [ -43.80987212061882,
                    -324.5810866355896,
                    2469.355583190918
                  ],
                "positionconfidence" : 1,
                "rotation" : [ -0.3216378688812256,
                    0.3329741656780243,
                    0.8863843679428101,
                    0.4404813647270203,
                    0.8812825679779053,
                    -0.1712223589420319,
                    -0.8381677269935608,
                    0.3353642225265503,
                    -0.4301227629184723
                  ],
                "rotationconfidence" : 1
              },
            "8" : { "id" : 8,
                "position" : [ 30.32436966896057,
                    -401.3282358646393,
                    2265.053033828735
                  ],
                "positionconfidence" : 1,
                "rotation" : [ -0.4701390862464905,
                    0.0007136823842301965,
                    0.8825920224189758,
                    0,
                    0.9999996423721313,
                    -0.0008086206507869065,
                    -0.8825922608375549,
                    -0.0003801641869358718,
                    -0.4701389074325562
                  ],
                "rotationconfidence" : 1
              },
            "9" : { "id" : 9,
                "position" : [ 55.39483577013016,
                    -401.3662934303284,
                    2217.988252639771
                  ],
                "positionconfidence" : 1,
                "rotation" : [ -0.4701390862464905,
                    0.0007136823842301965,
                    0.8825920224189758,
                    0,
                    0.9999996423721313,
                    -0.0008086206507869065,
                    -0.8825922608375549,
                    -0.0003801641869358718,
                    -0.4701389074325562
                  ],
                "rotationconfidence" : 1
              }
          },
        "skeletonTracked" : true
      },
      { "frameCount" : 2,
        "id" : 4184,
        "position" : [ 160.7536971569061,
            -406.2165021896362,
            2297.68967628479
          ],
        "positionTracked" : true,
        "skeleton" : { "1" : { "id" : 1,
                "position" : [ 217.0795798301697,
                    189.63730335235601,
                    2522.744178771973
                  ],
                "positionconfidence" : 1,
                "rotation" : [ 0.995411217212677,
                    -0.09568975865840912,
                    0,
                    0.09546374529600143,
                    0.9930601119995117,
                    -0.0686894878745079,
                    0.006572880316525698,
                    0.06837428361177444,
                    0.9976381063461304
                  ],
                "rotationconfidence" : 1
              },
            "12" : { "id" : 12,
                "position" : [ 369.0975904464722,
                    -112.7519607543945,
                    2506.203889846802
                  ],
                "positionconfidence" : 1,
                "rotation" : [ 0.1762711405754089,
                    -0.9785573482513428,
                    -0.10655527561903,
                    -0.4021805226802826,
                    0.02720524743199348,
                    -0.9151561260223389,
                    0.8984315991401672,
                    0.2041700780391693,
                    -0.3887611925601959
                  ],
                "rotationconfidence" : 1
              },
            "13" : { "id" : 13,
                "position" : [ 412.2884869575501,
                    -352.5232970714569,
                    2480.095148086548
                  ],
                "positionconfidence" : 1,
                "rotation" : [ -0.315100759267807,
                    -0.3168495297431946,
                    -0.8946049213409424,
                    -0.3058303594589233,
                    0.9262402653694153,
                    -0.2203334867954254,
                    0.8984315991401672,
                    0.2041700780391693,
                    -0.3887611925601959
                  ],
                "rotationconfidence" : 1
              },
            "14" : { "id" : 14,
                "position" : [ 339.0437662601471,
                    -426.17452144622803,
                    2272.145509719849
                  ],
                "positionconfidence" : 1,
                "rotation" : [ -0.4685326814651489,
                    -0.06348741799592972,
                    -0.8811619281768799,
                    0,
                    -0.9974144697189331,
                    0.07186337560415268,
                    -0.8834460973739624,
                    0.0336703397333622,
                    0.4673212766647339
                  ],
                "rotationconfidence" : 1
              },
            "15" : { "id" : 15,
                "position" : [ 316.1102831363678,
                    -429.2820692062378,
                    2229.014873504639
                  ],
                "positionconfidence" : 1,
                "rotation" : [ -0.4685326814651489,
                    -0.06348741799592972,
                    -0.8811619281768799,
                    0,
                    -0.9974144697189331,
                    0.07186337560415268,
                    -0.8834460973739624,
                    0.0336703397333622,
                    0.4673212766647339
                  ],
                "rotationconfidence" : 1
              },
            "17" : { "id" : 17,
                "position" : [ 99.19030964374542,
                    -448.40022921562201,
                    2388.195991516113
                  ],
                "positionconfidence" : 1,
                "rotation" : [ 0.9580858945846558,
                    -0.284892737865448,
                    -0.03012115135788918,
                    0.2733716666698456,
                    0.8777362704277039,
                    0.3935058414936066,
                    -0.08566853404045105,
                    -0.3852466940879822,
                    0.9188284873962402
                  ],
                "rotationconfidence" : 1
              },
            "18" : { "id" : 18,
                "position" : [ 4.993139766156673,
                    -750.8466243743896,
                    2252.603530883789
                  ],
                "positionconfidence" : 1,
                "rotation" : [ 0.7663562893867493,
                    -0.6424157619476318,
                    0,
                    0.6316648125648499,
                    0.7535311579704285,
                    0.1821824759244919,
                    -0.1170368939638138,
                    -0.1396166831254959,
                    0.9832647442817688
                  ],
                "rotationconfidence" : 1
              },
            "19" : { "id" : 19,
                "position" : [ -204.9843221902847,
                    -1001.3347864151,
                    2192.042589187622
                  ],
                "positionconfidence" : 0.5,
                "rotation" : [ 0.3355331420898438,
                    -0.9420283436775208,
                    0,
                    0.8783806562423706,
                    0.3128630220890045,
                    -0.3613363206386566,
                    0.3403891026973724,
                    0.1212403252720833,
                    0.9324355125427246
                  ],
                "rotationconfidence" : 0.5
              },
            "2" : { "id" : 2,
                "position" : [ 198.7045109272003,
                    -1.509074470959604,
                    2535.9656810760498
                  ],
                "positionconfidence" : 1,
                "rotation" : [ 0.9953057765960693,
                    -0.09412159770727158,
                    0.02252471633255482,
                    0.09546374529600143,
                    0.9930601119995117,
                    -0.0686894878745079,
                    -0.01590323261916637,
                    0.07051734626293182,
                    0.997383713722229
                  ],
                "rotationconfidence" : 1
              },
            "20" : { "id" : 20,
                "position" : [ -236.5439534187317,
                    -1012.575745582581,
                    2105.590581893921
                  ],
                "positionconfidence" : 0.5,
                "rotation" : [ 0.3355331420898438,
                    -0.9420283436775208,
                    0,
                    0.8783806562423706,
                    0.3128630220890045,
                    -0.3613363206386566,
                    0.3403891026973724,
                    0.1212403252720833,
                    0.9324355125427246
                  ],
                "rotationconfidence" : 0.5
              },
            "21" : { "id" : 21,
                "position" : [ 252.8544664382935,
                    -459.1186940670013,
                    2398.029088973999
                  ],
                "positionconfidence" : 1,
                "rotation" : [ 0.9872220754623413,
                    0.07930115610361099,
                    0.1382167935371399,
                    -0.1326769143342972,
                    0.8894599676132202,
                    0.4373301863670349,
                    -0.08825752139091492,
                    -0.4500802457332611,
                    0.8886160254478455
                  ],
                "rotationconfidence" : 1
              },
            "22" : { "id" : 22,
                "position" : [ 297.8036403656006,
                    -760.4559063911438,
                    2249.86743927002
                  ],
                "positionconfidence" : 1,
                "rotation" : [ 0.8670873641967773,
                    0.4553873836994171,
                    0.2019448578357697,
                    -0.4960094690322876,
                    0.7516365051269531,
                    0.4347610473632813,
                    0.04619557037949562,
                    -0.4771423637866974,
                    0.877610981464386
                  ],
                "rotationconfidence" : 1
              },
            "23" : { "id" : 23,
                "position" : [ 469.0304398536682,
                    -1019.927382469177,
                    2099.784135818481
                  ],
                "positionconfidence" : 0.5,
                "rotation" : [ 0.03732139244675636,
                    0.9993032813072205,
                    0,
                    -0.9722093939781189,
                    0.03630950674414635,
                    -0.2312800884246826,
                    -0.2311189621686935,
                    0.008631695993244648,
                    0.9728872179985046
                  ],
                "rotationconfidence" : 0.5
              },
            "24" : { "id" : 24,
                "position" : [ 490.5247092247009,
                    -1020.730137825012,
                    2009.304761886597
                  ],
                "positionconfidence" : 0.5,
                "rotation" : [ 0.03732139244675636,
                    0.9993032813072205,
                    0,
                    -0.9722093939781189,
                    0.03630950674414635,
                    -0.2312800884246826,
                    -0.2311189621686935,
                    0.008631695993244648,
                    0.9728872179985046
                  ],
                "rotationconfidence" : 0.5
              },
            "3" : { "id" : 3,
                "position" : [ 181.1890751123428,
                    -333.9225649833679,
                    2479.379415512085
                  ],
                "positionconfidence" : 1,
                "rotation" : [ 0.9982745051383972,
                    -0.05574309453368187,
                    0.01845932938158512,
                    0.05187452957034111,
                    0.9844912886619568,
                    0.1675885170698166,
                    -0.02751495316624641,
                    -0.1663417816162109,
                    0.9856842160224915
                  ],
                "rotationconfidence" : 1
              },
            "4" : { "id" : 4,
                "position" : [ 179.2419850826263,
                    -381.9892108440399,
                    2418.104648590088
                  ],
                "positionconfidence" : 1,
                "rotation" : [ 0.9952607154846191,
                    -0.08932190388441086,
                    0.03844228386878967,
                    0.02499395422637463,
                    0.617010772228241,
                    0.7865577340126038,
                    -0.09397613257169724,
                    -0.781869113445282,
                    0.6163190603256226
                  ],
                "rotationconfidence" : 1
              },
            "6" : { "id" : 6,
                "position" : [ 31.72163292765617,
                    -95.887921750545502,
                    2499.632120132446
                  ],
                "positionconfidence" : 1,
                "rotation" : [ 0.3100594878196716,
                    0.9417232275009155,
                    0.1304624080657959,
                    0.4515079259872437,
                    -0.02509553544223309,
                    -0.8919141888618469,
                    -0.8366622924804688,
                    0.3354512751102448,
                    -0.432976633310318
                  ],
                "rotationconfidence" : 1
              },
            "7" : { "id" : 7,
                "position" : [ -43.55801641941071,
                    -324.5298564434052,
                    2467.957019805908
                  ],
                "positionconfidence" : 1,
                "rotation" : [ -0.3209340572357178,
                    0.3403407633304596,
                    0.883837878704071,
                    0.4438441395759583,
                    0.8784307837486267,
                    -0.1770925372838974,
                    -0.8366622924804688,
                    0.3354512751102448,
                    -0.432976633310318
                  ],
                "rotationconfidence" : 1
              },
            "8" : { "id" : 8,
                "position" : [ 30.36429919302464,
                    -402.9222130775452,
                    2264.378309249878
                  ],
                "positionconfidence" : 1,
                "rotation" : [ -0.4643059074878693,
                    0.002888136077672243,
                    0.8856701850891113,
                    0,
                    0.9999946355819702,
                    -0.003260943572968245,
                    -0.8856748342514038,
                    -0.001514075323939323,
                    -0.4643034040927887
                  ],
                "rotationconfidence" : 1
              },
            "9" : { "id" : 9,
                "position" : [ 57.05560371279717,
                    -403.08824181556702,
                    2213.464260101318
                  ],
                "positionconfidence" : 1,
                "rotation" : [ -0.4643059074878693,
                    0.002888136077672243,
                    0.8856701850891113,
                    0,
                    0.9999946355819702,
                    -0.003260943572968245,
                    -0.8856748342514038,
                    -0.001514075323939323,
                    -0.4643034040927887
                  ],
                "rotationconfidence" : 1
              }
          },
        "skeletonTracked" : true
      },
      { "frameCount" : 3,
        "id" : 4184,
        "position" : [ 160.2152734994888,
            -405.9204459190369,
            2297.245740890503
          ],
        "positionTracked" : true,
        "skeleton" : { "1" : { "id" : 1,
                "position" : [ 217.3811942338944,
                    189.8153424263001,
                    2521.831750869751
                  ],
                "positionconfidence" : 1,
                "rotation" : [ 0.995552122592926,
                    -0.09421278536319733,
                    0,
                    0.09398846328258514,
                    0.9931817650794983,
                    -0.06896555423736572,
                    0.006497437134385109,
                    0.06865880638360977,
                    0.9976191520690918
                  ],
                "rotationconfidence" : 1
              },
            "12" : { "id" : 12,
                "position" : [ 369.7052597999573,
                    -112.7920225262642,
                    2506.1619281768799
                  ],
                "positionconfidence" : 1,
                "rotation" : [ 0.1735844910144806,
                    -0.9789815545082092,
                    -0.1070678010582924,
                    -0.4001800119876862,
                    0.02922007441520691,
                    -0.9159705638885498,
                    0.8998468518257141,
                    0.2018446773290634,
                    -0.3866966962814331
                  ],
                "rotationconfidence" : 1
              },
            "13" : { "id" : 13,
                "position" : [ 412.2348725795746,
                    -352.6504635810852,
                    2479.929447174072
                  ],
                "positionconfidence" : 1,
                "rotation" : [ -0.3197045922279358,
                    -0.2979213297367096,
                    -0.8994620442390442,
                    -0.2967568337917328,
                    0.9330068230628967,
                    -0.2035529017448425,
                    0.8998468518257141,
                    0.2018446773290634,
                    -0.3866966962814331
                  ],
                "rotationconfidence" : 1
              },
            "14" : { "id" : 14,
                "position" : [ 337.7894461154938,
                    -422.0235049724579,
                    2270.483493804932
                  ],
                "positionconfidence" : 1,
                "rotation" : [ -0.4522292613983154,
                    -0.1598818898200989,
                    -0.8774544596672058,
                    0,
                    -0.9838019013404846,
                    0.1792595535516739,
                    -0.8919017314910889,
                    0.08106641471385956,
                    0.4449039995670319
                  ],
                "rotationconfidence" : 1
              },
            "15" : { "id" : 15,
                "position" : [ 316.1857724189758,
                    -429.6613037586212,
                    2228.56616973877
                  ],
                "positionconfidence" : 1,
                "rotation" : [ -0.4522292613983154,
                    -0.1598818898200989,
                    -0.8774544596672058,
                    0,
                    -0.9838019013404846,
                    0.1792595535516739,
                    -0.8919017314910889,
                    0.08106641471385956,
                    0.4449039995670319
                  ],
                "rotationconfidence" : 1
              },
            "17" : { "id" : 17,
                "position" : [ 99.23835098743439,
                    -448.2617676258087,
                    2387.8917694091801
                  ],
                "positionconfidence" : 1,
                "rotation" : [ 0.9578988552093506,
                    -0.2857134938240051,
                    -0.02824000455439091,
                    0.27348992228508001,
                    0.8781149983406067,
                    0.3925777077674866,
                    -0.08736677467823029,
                    -0.3837731182575226,
                    0.9192851781845093
                  ],
                "rotationconfidence" : 1
              },
            "18" : { "id" : 18,
                "position" : [ 4.997874144464731,
                    -750.8468627929688,
                    2252.615451812744
                  ],
                "positionconfidence" : 1,
                "rotation" : [ 0.7667170763015747,
                    -0.6419851779937744,
                    0,
                    0.6312475204467773,
                    0.753893256187439,
                    0.1821306198835373,
                    -0.1169251576066017,
                    -0.1396426558494568,
                    0.9832744002342224
                  ],
                "rotationconfidence" : 1
              },
            "19" : { "id" : 19,
                "position" : [ -204.8196345567703,
                    -1001.430034637451,
                    2192.077875137329
                  ],
                "positionconfidence" : 0.5,
                "rotation" : [ 0.3421823680400848,
                    -0.9396335482597351,
                    0,
                    0.8767403364181519,
                    0.3192788064479828,
                    -0.3597047030925751,
                    0.3379906117916107,
                    0.1230846047401428,
                    0.9330662488937378
                  ],
                "rotationconfidence" : 0.5
              },
            "2" : { "id" : 2,
                "position" : [ 199.2981731891632,
                    -1.269024796783924,
                    2535.1004600524898
                  ],
                "positionconfidence" : 1,
                "rotation" : [ 0.99540114402770996,
                    -0.09245821088552475,
                    0.02506199479103088,
                    0.09398846328258514,
                    0.9931817650794983,
                    -0.06896555423736572,
                    -0.01851468160748482,
                    0.07100392878055573,
                    0.9973042011260986
                  ],
                "rotationconfidence" : 1
              },
            "20" : { "id" : 20,
                "position" : [ -236.161008477211,
                    -1012.843489646912,
                    2105.556011199951
                  ],
                "positionconfidence" : 0.5,
                "rotation" : [ 0.3421823680400848,
                    -0.9396335482597351,
                    0,
                    0.8767403364181519,
                    0.3192788064479828,
                    -0.3597047030925751,
                    0.3379906117916107,
                    0.1230846047401428,
                    0.9330662488937378
                  ],
                "rotationconfidence" : 0.5
              },
            "21" : { "id" : 21,
                "position" : [ 253.0074119567871,
                    -459.0973258018494,
                    2397.982120513916
                  ],
                "positionconfidence" : 1,
                "rotation" : [ 0.9871197938919067,
                    0.07816676795482635,
                    0.1395863741636276,
                    -0.1322592198848724,
                    0.8896228075027466,
                    0.4371254146099091,
                    -0.09001055359840393,
                    -0.4499568045139313,
                    0.8885026574134827
                  ],
                "rotationconfidence" : 1
              },
            "22" : { "id" : 22,
                "position" : [ 297.8111803531647,
                    -760.4634761810303,
                    2249.902725219727
                  ],
                "positionconfidence" : 1,
                "rotation" : [ 0.8671466112136841,
                    0.455196738243103,
                    0.2021204680204392,
                    -0.4959242641925812,
                    0.7516632676124573,
                    0.4348119199275971,
                    0.04599843546748161,
                    -0.4772821366786957,
                    0.8775453567504883
                  ],
                "rotationconfidence" : 1
              },
            "23" : { "id" : 23,
                "position" : [ 469.00674700737,
                    -1019.941449165344,
                    2099.803447723389
                  ],
                "positionconfidence" : 0.5,
                "rotation" : [ 0.03810963407158852,
                    0.9992736577987671,
                    0,
                    -0.9721158146858215,
                    0.03707390651106834,
                    -0.2315525710582733,
                    -0.2313843369483948,
                    0.008824381977319717,
                    0.9728224277496338
                  ],
                "rotationconfidence" : 0.5
              },
            "24" : { "id" : 24,
                "position" : [ 490.5278086662293,
                    -1020.762205123901,
                    2009.321212768555
                  ],
                "positionconfidence" : 0.5,
                "rotation" : [ 0.03810963407158852,
                    0.9992736577987671,
                    0,
                    -0.9721158146858215,
                    0.03707390651106834,
                    -0.2315525710582733,
                    -0.2313843369483948,
                    0.008824381977319717,
                    0.9728224277496338
                  ],
                "rotationconfidence" : 0.5
              },
            "3" : { "id" : 3,
                "position" : [ 181.3072413206101,
                    -333.6832821369171,
                    2479.111194610596
                  ],
                "positionconfidence" : 1,
                "rotation" : [ 0.9981188774108887,
                    -0.05757083371281624,
                    0.02108042500913143,
                    0.05329442769289017,
                    0.9847087264060974,
                    0.165856659412384,
                    -0.03030658513307571,
                    -0.1644211858510971,
                    0.9859245419502258
                  ],
                "rotationconfidence" : 1
              },
            "4" : { "id" : 4,
                "position" : [ 179.4281154870987,
                    -381.8142414093018,
                    2417.896747589111
                  ],
                "positionconfidence" : 1,
                "rotation" : [ 0.9951340556144714,
                    -0.08996368199586868,
                    0.04018751159310341,
                    0.02412443235516548,
                    0.6179108023643494,
                    0.7858781218528748,
                    -0.09553276747465134,
                    -0.781084418296814,
                    0.6170743107795715
                  ],
                "rotationconfidence" : 1
              },
            "6" : { "id" : 6,
                "position" : [ 31.99053555727005,
                    -95.51415592432022,
                    2498.662233352661
                  ],
                "positionconfidence" : 1,
                "rotation" : [ 0.3100471794605255,
                    0.941710889339447,
                    0.1305808275938034,
                    0.4518427550792694,
                    -0.02511162683367729,
                    -0.891744077205658,
                    -0.8364859819412231,
                    0.3354847431182861,
                    -0.4332910180091858
                  ],
                "rotationconfidence" : 1
              },
            "7" : { "id" : 7,
                "position" : [ -43.37750375270844,
                    -324.4306147098541,
                    2466.919898986816
                  ],
                "positionconfidence" : 1,
                "rotation" : [ -0.3276235461235046,
                    0.3276461958885193,
                    0.8861775994300842,
                    0.4392652213573456,
                    0.8832314610481262,
                    -0.1641587466001511,
                    -0.8364859819412231,
                    0.3354847431182861,
                    -0.4332910180091858
                  ],
                "rotationconfidence" : 1
              },
            "8" : { "id" : 8,
                "position" : [ 32.19586238265038,
                    -400.0092148780823,
                    2262.504100799561
                  ],
                "positionconfidence" : 1,
                "rotation" : [ -0.4511670768260956,
                    0.05046021565794945,
                    0.8910117745399475,
                    0,
                    0.9984002113342285,
